20150717a4
DG:        -3.88 +-     0.24 kcal/mol     [   -4.43,    -3.50] 
DH:        65.92 +-    20.72 kcal/mol     [   25.10,    98.28] 
DH0:       -0.00 +-     0.00 ucal         [   -0.00,    -0.00] 
Ls:         0.73 +-     0.07 uM           [    0.60,     0.89] 
P0:         0.04 +-     0.00 uM           [    0.03,     0.05] 
sigma:   0.00000 +-  0.00000 ucal/s^(1/2) [ 0.00000,  0.00000] 

