20150717a6
DG:        -7.99 +-     2.33 kcal/mol     [   -8.93,    -6.52] 
DH:         5.20 +-     1.56 kcal/mol     [    3.51,     9.74] 
DH0:        0.00 +-     0.00 ucal         [    0.00,     0.00] 
Ls:         0.51 +-     0.04 uM           [    0.43,     0.59] 
P0:         0.04 +-     0.00 uM           [    0.03,     0.04] 
sigma:   0.00000 +-  0.00000 ucal/s^(1/2) [ 0.00000,  0.00000] 

